skyscraper4	[./models/skyscraper4/skyscraper4.obj]	[19]	{true}
mat4x4((0.318658, 0.000000, 0.000000, 0.000000), (0.000000, 0.318600, 0.000000, 0.000000), (0.000000, 0.000000, 0.318600, 0.000000), (-2261.559326, 863.749634, 3779.037598, 1.000000))

destroyed_house1	[./models/destroyed_house1/old_house1.obj]	[20]	{true}
mat4x4((0.676445, 0.000000, 0.000000, 0.000000), (0.000000, 0.676430, 0.000000, 0.000000), (0.000000, 0.000000, 0.676430, 0.000000), (-2286.187256, 798.749023, 2674.341309, 1.000000))

horse	[./models/horse/horse-obj.obj]	[22]	{false}
mat4x4((1.079915, 0.000000, 0.000000, 0.000000), (0.000000, 1.079900, 0.000000, 0.000000), (0.000000, 0.000000, 1.079900, 0.000000), (-2173.711670, 749.251831, 1075.839111, 1.000000))

abandoned1	[./models/abandoned1/abandoned1.obj]	[23]	{true}
mat4x4((0.383345, 0.000000, 0.000000, 0.000000), (0.000000, 0.383320, 0.000000, 0.000000), (0.000000, 0.000000, 0.383320, 0.000000), (-12900.000000, 846.952515, 21900.000000, 1.000000))

road3	[./models/road3/road3.obj]	[25]	{false}
mat4x4((0.267530, 0.000000, 0.000000, 0.000000), (0.000000, 0.267510, 0.000000, 0.000000), (0.000000, 0.000000, 0.267510, 0.000000), (-885.515686, 756.853760, 2043.246338, 1.000000))

building6	[./models/building6/building6.obj]	[28]	{false}
mat4x4((0.084803, 0.000000, 0.000000, 0.000000), (0.000000, 0.084790, 0.000000, 0.000000), (0.000000, 0.000000, 0.084790, 0.000000), (-112.516235, 142.608917, 590.061218, 1.000000))

building11	[./models/building11/building11.obj]	[29]	{false}
mat4x4((0.149583, 0.000000, 0.000000, 0.000000), (0.000000, 0.149570, 0.000000, 0.000000), (0.000000, 0.000000, 0.149570, 0.000000), (-1397.695190, 843.986755, 1234.797852, 1.000000))

building10	[./models/building10/building10.obj]	[30]	{false}
mat4x4((0.149583, 0.000000, 0.000000, 0.000000), (0.000000, 0.149570, 0.000000, 0.000000), (0.000000, 0.000000, 0.149570, 0.000000), (-103.391090, 734.285278, 2955.299072, 1.000000))

building3	[./models/building3/building3.obj]	[32]	{false}
mat4x4((0.151842, 0.000000, 0.000000, 0.000000), (0.000000, 0.151840, 0.000000, 0.000000), (0.000000, 0.000000, 0.151840, 0.000000), (-1190.982788, 895.024292, 1943.391357, 1.000000))

truck	[./models/truck/truck.obj]	[37]	{false}
mat4x4((3.460776, 0.000000, 0.000000, 0.000000), (0.000000, 3.460770, 0.000000, 0.000000), (0.000000, 0.000000, 3.460770, 0.000000), (-902.659363, 798.015259, 2344.041260, 1.000000))

road1	[./models/road1/road1.obj]	[38]	{false}
mat4x4((0.270708, 0.000000, 0.000000, 0.000000), (0.000000, 0.270680, 0.000000, 0.000000), (0.000000, 0.000000, 0.270680, 0.000000), (-887.345032, 755.000000, 3066.087646, 1.000000))

garbage	[./models/garbage/Garbage_Bin.obj]	[46]	{false}
mat4x4((0.540520, 0.000000, 0.000000, 0.000000), (0.000000, 0.540490, 0.000000, 0.000000), (0.000000, 0.000000, 0.540490, 0.000000), (-777.146240, 834.966309, 2473.624512, 1.000000))

nanosuit	[./models/nanosuit/nanosuit.obj]	[47]	{false}
mat4x4((3.220358, 0.000000, 0.000000, 0.000000), (0.000000, 3.220350, 0.000000, 0.000000), (0.000000, 0.000000, 3.220350, 0.000000), (-757.632751, 752.523315, 1671.834595, 1.000000))

street_cones1	[./models/street_cones1/street_cones1.obj]	[50]	{false}
mat4x4((0.173907, 0.000000, 0.000000, 0.000000), (0.000000, 0.173890, 0.000000, 0.000000), (0.000000, 0.000000, 0.173890, 0.000000), (-872.655762, 757.080627, 1588.307861, 1.000000))

street_cones1	[./models/street_cones1/street_cones1.obj]	[51]	{false}
mat4x4((0.198853, 0.000000, 0.000000, 0.000000), (0.000000, 0.198830, 0.000000, 0.000000), (0.000000, 0.000000, 0.198830, 0.000000), (-891.471741, 758.702637, 1376.880249, 1.000000))

street_cones1	[./models/street_cones1/street_cones1.obj]	[52]	{false}
mat4x4((0.133806, 0.000000, 0.000000, 0.000000), (0.000000, 0.133790, 0.000000, 0.000000), (0.000000, 0.000000, 0.133790, 0.000000), (-838.238098, 760.575745, 1663.702026, 1.000000))

street_cones1	[./models/street_cones1/street_cones1.obj]	[53]	{false}
mat4x4((0.190674, 0.000000, 0.000000, 0.000000), (0.000000, 0.190660, 0.000000, 0.000000), (0.000000, 0.000000, 0.190660, 0.000000), (-880.803162, 756.127380, 1485.682983, 1.000000))

road1	[./models/road1/road1.obj]	[56]	{false}
mat4x4((-0.051680, 0.000000, -0.173670, 0.000000), (0.000000, 0.181190, 0.000000, 0.000000), (0.173689, 0.000000, -0.051670, 0.000000), (1005.072266, 5.000000, 899.357971, 1.000000))

road1	[./models/road1/road1.obj]	[57]	{false}
mat4x4((-0.094389, 0.000000, -0.181630, 0.000000), (0.000000, 0.204690, 0.000000, 0.000000), (0.181658, 0.000000, -0.094370, 0.000000), (853.925659, 5.000000, 962.919739, 1.000000))

road1	[./models/road1/road1.obj]	[58]	{false}
mat4x4((-0.049693, 0.000000, -0.203740, 0.000000), (0.000000, 0.209710, 0.000000, 0.000000), (0.203768, 0.000000, -0.049680, 0.000000), (671.631592, 5.000000, 1033.951782, 1.000000))

road1	[./models/road1/road1.obj]	[59]	{false}
mat4x4((0.016765, 0.000000, -0.184110, 0.000000), (0.000000, 0.184860, 0.000000, 0.000000), (0.184132, 0.000000, 0.016750, 0.000000), (479.344818, 5.000000, 1049.288208, 1.000000))

road1	[./models/road1/road1.obj]	[60]	{false}
mat4x4((0.000247, 0.000000, 0.310400, 0.000000), (0.000000, 0.310400, 0.000000, 0.000000), (-0.310436, 0.000000, 0.000240, 0.000000), (159.350677, 5.000000, 161.584610, 1.000000))

road1	[./models/road1/road1.obj]	[61]	{false}
mat4x4((0.000245, 0.000000, 0.307000, 0.000000), (0.000000, 0.307010, 0.000000, 0.000000), (-0.307041, 0.000000, 0.000240, 0.000000), (457.594574, 5.000000, 157.955734, 1.000000))

road1	[./models/road1/road1.obj]	[62]	{false}
mat4x4((-0.008974, 0.000000, 0.307180, 0.000000), (0.000000, 0.307310, 0.000000, 0.000000), (-0.307215, 0.000000, -0.008970, 0.000000), (753.321716, 5.000000, 161.339096, 1.000000))

road3	[./models/road3/road3.obj]	[63]	{false}
mat4x4((0.431779, 0.000000, 0.004310, 0.000000), (0.000000, 0.431760, 0.000000, 0.000000), (-0.004318, 0.000000, 0.431740, 0.000000), (1043.599365, 5.000000, 162.703857, 1.000000))

road1	[./models/road1/road1.obj]	[64]	{false}
mat4x4((-0.002798, 0.000000, 0.145680, 0.000000), (0.000000, 0.145710, 0.000000, 0.000000), (-0.145701, 0.000000, -0.002790, 0.000000), (1154.455688, 5.000000, 879.701660, 1.000000))

road1	[./models/road1/road1.obj]	[65]	{false}
mat4x4((-0.024609, 0.000000, 0.135830, 0.000000), (0.000000, 0.138040, 0.000000, 0.000000), (-0.135852, 0.000000, -0.024600, 0.000000), (1289.494507, 5.000000, 887.148376, 1.000000))

road1	[./models/road1/road1.obj]	[66]	{false}
mat4x4((-0.050819, 0.000000, 0.135320, 0.000000), (0.000000, 0.144550, 0.000000, 0.000000), (-0.135339, 0.000000, -0.050810, 0.000000), (1419.342529, 5.000000, 923.972290, 1.000000))

road1	[./models/road1/road1.obj]	[67]	{false}
mat4x4((-0.067940, 0.000000, 0.144590, 0.000000), (0.000000, 0.159760, 0.000000, 0.000000), (-0.144613, 0.000000, -0.067930, 0.000000), (1557.564819, 5.000000, 982.336853, 1.000000))

road1	[./models/road1/road1.obj]	[68]	{false}
mat4x4((-0.045058, 0.000000, 0.157140, 0.000000), (0.000000, 0.163480, 0.000000, 0.000000), (-0.157165, 0.000000, -0.045050, 0.000000), (1700.561890, 5.000000, 1036.467407, 1.000000))

road3	[./models/road3/road3.obj]	[69]	{false}
mat4x4((0.254678, 0.000000, 0.002540, 0.000000), (0.000000, 0.254660, 0.000000, 0.000000), (-0.002547, 0.000000, 0.254650, 0.000000), (103.777489, 5.000000, 983.722717, 1.000000))

road1	[./models/road1/road1.obj]	[70]	{false}
mat4x4((0.001672, 0.000000, 0.154860, 0.000000), (0.000000, 0.154870, 0.000000, 0.000000), (-0.154883, 0.000000, 0.001670, 0.000000), (319.620575, 5.000000, 722.664307, 1.000000))

road1	[./models/road1/road1.obj]	[71]	{false}
mat4x4((0.004652, 0.000000, 0.430800, 0.000000), (0.000000, 0.430830, 0.000000, 0.000000), (-0.430850, 0.000000, 0.004650, 0.000000), (1445.050293, 5.000000, 164.442566, 1.000000))

road1	[./models/road1/road1.obj]	[72]	{false}
mat4x4((0.004523, 0.000000, 0.146800, 0.000000), (0.000000, 0.146870, 0.000000, 0.000000), (-0.146820, 0.000000, 0.004520, 0.000000), (470.043427, 5.000000, 719.407410, 1.000000))

road1	[./models/road1/road1.obj]	[73]	{false}
mat4x4((0.003104, 0.000000, 0.149220, 0.000000), (0.000000, 0.149250, 0.000000, 0.000000), (-0.149237, 0.000000, 0.003100, 0.000000), (620.440002, 5.000000, 715.130920, 1.000000))

road1	[./models/road1/road1.obj]	[74]	{false}
mat4x4((0.001576, 0.000000, 0.145990, 0.000000), (0.000000, 0.146000, 0.000000, 0.000000), (-0.146011, 0.000000, 0.001570, 0.000000), (768.014771, 5.000000, 713.212708, 1.000000))

road1	[./models/road1/road1.obj]	[75]	{false}
mat4x4((-0.002826, 0.000000, 0.147150, 0.000000), (0.000000, 0.147170, 0.000000, 0.000000), (-0.147165, 0.000000, -0.002820, 0.000000), (911.284546, 5.000000, 714.723877, 1.000000))

road1	[./models/road1/road1.obj]	[76]	{false}
mat4x4((-0.002910, 0.000000, 0.151480, 0.000000), (0.000000, 0.151510, 0.000000, 0.000000), (-0.151498, 0.000000, -0.002900, 0.000000), (1058.711792, 5.000000, 716.782593, 1.000000))

road1	[./models/road1/road1.obj]	[77]	{false}
mat4x4((-0.001307, 0.000000, 0.141960, 0.000000), (0.000000, 0.141970, 0.000000, 0.000000), (-0.141979, 0.000000, -0.001300, 0.000000), (1204.773315, 5.000000, 718.440247, 1.000000))

road1	[./models/road1/road1.obj]	[78]	{false}
mat4x4((0.001624, 0.000000, 0.150440, 0.000000), (0.000000, 0.150450, 0.000000, 0.000000), (-0.150460, 0.000000, 0.001620, 0.000000), (1351.309204, 5.000000, 717.104858, 1.000000))

road1	[./models/road1/road1.obj]	[79]	{false}
mat4x4((0.004460, 0.000000, 0.144770, 0.000000), (0.000000, 0.144840, 0.000000, 0.000000), (-0.144786, 0.000000, 0.004460, 0.000000), (1490.127197, 5.000000, 714.765503, 1.000000))

road3	[./models/road3/road3.obj]	[80]	{false}
mat4x4((0.384510, 0.000000, 0.000000, 0.000000), (0.000000, 0.384480, 0.000000, 0.000000), (0.000000, 0.000000, 0.384480, 0.000000), (1757.888916, 5.000000, 640.715210, 1.000000))

road1	[./models/road1/road1.obj]	[81]	{false}
mat4x4((-0.014042, 0.000000, 0.176900, 0.000000), (0.000000, 0.177450, 0.000000, 0.000000), (-0.176920, 0.000000, -0.014040, 0.000000), (1474.290161, 5.000000, 563.370483, 1.000000))

road1	[./models/road1/road1.obj]	[82]	{false}
mat4x4((-0.001698, 0.000000, 0.184490, 0.000000), (0.000000, 0.184500, 0.000000, 0.000000), (-0.184514, 0.000000, -0.001690, 0.000000), (1295.111816, 5.000000, 555.439514, 1.000000))

road3	[./models/road3/road3.obj]	[83]	{false}
mat4x4((0.354276, 0.000000, 0.000000, 0.000000), (0.000000, 0.354240, 0.000000, 0.000000), (0.000000, 0.000000, 0.354240, 0.000000), (1035.018433, 5.000000, 486.237152, 1.000000))

road1	[./models/road1/road1.obj]	[84]	{false}
mat4x4((0.004053, 0.000000, 0.194870, 0.000000), (0.000000, 0.194910, 0.000000, 0.000000), (-0.194893, 0.000000, 0.004050, 0.000000), (756.589722, 5.000000, 553.628784, 1.000000))

road1	[./models/road1/road1.obj]	[85]	{false}
mat4x4((0.000142, 0.000000, 0.178680, 0.000000), (0.000000, 0.178680, 0.000000, 0.000000), (-0.178705, 0.000000, 0.000140, 0.000000), (565.952271, 5.000000, 553.901978, 1.000000))

building6	[./models/building6/building6.obj]	[86]	{false}
mat4x4((0.122686, 0.000000, 0.000000, 0.000000), (0.000000, 0.122676, 0.000000, 0.000000), (0.000000, 0.000000, 0.122676, 0.000000), (1912.720581, 189.566803, 811.778870, 1.000000))

building2	[./models/building2/building2.obj]	[87]	{false}
mat4x4((0.158419, 0.000000, 0.000000, 0.000000), (0.000000, 0.158405, 0.000000, 0.000000), (0.000000, 0.000000, 0.158405, 0.000000), (1020.868835, 205.485962, 34.956879, 1.000000))

skyscraper4	[./models/skyscraper4/skyscraper4.obj]	[88]	{true}
mat4x4((0.170684, 0.000000, 0.000000, 0.000000), (0.000000, 0.170650, 0.000000, 0.000000), (0.000000, 0.000000, 0.170650, 0.000000), (-117.348381, 166.570847, 1091.366577, 1.000000))

building10	[./models/building10/building10.obj]	[89]	{false}
mat4x4((0.113377, 0.000000, 0.000000, 0.000000), (0.000000, 0.113354, 0.000000, 0.000000), (0.000000, 0.000000, 0.113354, 0.000000), (1328.622559, 116.906387, 463.592804, 1.000000))

road1	[./models/road1/road1.obj]	[90]	{false}
mat4x4((0.000144, 0.000000, -0.181220, 0.000000), (0.000000, 0.181220, 0.000000, 0.000000), (0.181244, 0.000000, 0.000140, 0.000000), (381.941589, 5.000000, 555.238892, 1.000000))

road3	[./models/road3/road3.obj]	[91]	{false}
mat4x4((0.267476, 0.000000, 0.005350, 0.000000), (0.000000, 0.267510, 0.000000, 0.000000), (-0.005350, 0.000000, 0.267450, 0.000000), (105.848564, 5.000000, 718.372253, 1.000000))

road1	[./models/road1/road1.obj]	[92]	{false}
mat4x4((-0.041429, 0.000000, 0.185940, 0.000000), (0.000000, 0.190500, 0.000000, 0.000000), (-0.185962, 0.000000, -0.041420, 0.000000), (310.560089, 5.000000, 1023.171143, 1.000000))

street_cones1	[./models/street_cones1/street_cones1.obj]	[93]	{false}
mat4x4((0.288520, 0.000000, 0.000000, 0.000000), (0.000000, 0.288500, 0.000000, 0.000000), (0.000000, 0.000000, 0.288500, 0.000000), (978.110718, 14.081770, 613.506165, 1.000000))

garbage	[./models/garbage/Garbage_Bin.obj]	[94]	{false}
mat4x4((0.697608, 0.000000, 0.000000, 0.000000), (0.000000, 0.697570, 0.000000, 0.000000), (0.000000, 0.000000, 0.697570, 0.000000), (867.456360, 17.960529, 330.600128, 1.000000))

street_cones1	[./models/street_cones1/street_cones1.obj]	[95]	{false}
mat4x4((0.307599, 0.000000, 0.000000, 0.000000), (0.000000, 0.307570, 0.000000, 0.000000), (0.000000, 0.000000, 0.307570, 0.000000), (1058.642700, 8.829800, 611.874695, 1.000000))

street_cones1	[./models/street_cones1/street_cones1.obj]	[96]	{false}
mat4x4((0.287368, 0.000000, 0.000000, 0.000000), (0.000000, 0.287340, 0.000000, 0.000000), (0.000000, 0.000000, 0.287340, 0.000000), (1019.185608, 14.222790, 610.080261, 1.000000))

street_cones1	[./models/street_cones1/street_cones1.obj]	[97]	{false}
mat4x4((0.286507, 0.000000, 0.000000, 0.000000), (0.000000, 0.286480, 0.000000, 0.000000), (0.000000, 0.000000, 0.286480, 0.000000), (1100.494263, 11.440350, 607.332031, 1.000000))

horse	[./models/horse/horse-obj.obj]	[98]	{false}
mat4x4((0.160360, 0.000000, 0.929730, 0.000000), (0.000000, 0.943460, 0.000000, 0.000000), (-0.929747, 0.000000, 0.160350, 0.000000), (1179.791138, 16.274401, 1022.688599, 1.000000))

truck	[./models/truck/truck.obj]	[99]	{false}
mat4x4((3.460776, 0.000000, 0.000000, 0.000000), (0.000000, 3.460770, 0.000000, 0.000000), (0.000000, 0.000000, 3.460770, 0.000000), (1047.113159, 10.872770, 742.426086, 1.000000))

truck	[./models/truck/truck.obj]	[100]	{false}
mat4x4((3.460776, 0.000000, 0.000000, 0.000000), (0.000000, 3.460770, 0.000000, 0.000000), (0.000000, 0.000000, 3.460770, 0.000000), (429.947632, 10.950680, 117.960426, 1.000000))

garbage	[./models/garbage/Garbage_Bin.obj]	[101]	{false}
mat4x4((0.518278, 0.000000, 0.000000, 0.000000), (0.000000, 0.518250, 0.000000, 0.000000), (0.000000, 0.000000, 0.518250, 0.000000), (1189.659668, 9.953770, 631.522034, 1.000000))

building11	[./models/building11/building11.obj]	[102]	{false}
mat4x4((0.108695, 0.000000, -0.020900, 0.000000), (0.000000, 0.110670, 0.000000, 0.000000), (0.020904, 0.000000, 0.108680, 0.000000), (1004.966064, 82.064507, 1502.256958, 1.000000))

street_cones1	[./models/street_cones1/street_cones1.obj]	[103]	{false}
mat4x4((0.257936, 0.000000, 0.000000, 0.000000), (0.000000, 0.257910, 0.000000, 0.000000), (0.000000, 0.000000, 0.257910, 0.000000), (107.116844, 7.346110, 1102.295776, 1.000000))

street_cones1	[./models/street_cones1/street_cones1.obj]	[104]	{false}
mat4x4((0.231055, 0.000000, 0.000000, 0.000000), (0.000000, 0.231040, 0.000000, 0.000000), (0.000000, 0.000000, 0.231040, 0.000000), (157.424545, 12.406790, 1099.820923, 1.000000))

street_cones1	[./models/street_cones1/street_cones1.obj]	[105]	{false}
mat4x4((0.281112, 0.000000, 0.000000, 0.000000), (0.000000, 0.281090, 0.000000, 0.000000), (0.000000, 0.000000, 0.281090, 0.000000), (59.583641, 5.892200, 1097.857910, 1.000000))

building3	[./models/building3/building3.obj]	[106]	{false}
mat4x4((0.155047, 0.000000, 0.000000, 0.000000), (0.000000, 0.155030, 0.000000, 0.000000), (0.000000, 0.000000, 0.155030, 0.000000), (514.262329, 194.331436, 1503.303101, 1.000000))

destroyed_house1	[./models/destroyed_house1/old_house1.obj]	[107]	{true}
mat4x4((-0.619801, 0.000000, 0.075735, 0.000000), (0.000000, 0.624399, 0.000000, 0.000000), (-0.075737, 0.000000, -0.619787, 0.000000), (1518.912476, 64.710686, 1184.891724, 1.000000))

building3	[./models/building3/building3.obj]	[108]	{false}
mat4x4((0.175000, 0.000000, 0.000000, 0.000000), (0.000000, 0.174981, 0.000000, 0.000000), (0.000000, 0.000000, 0.174981, 0.000000), (1481.167603, 196.486282, -8.737823, 1.000000))

skyscraper4	[./models/skyscraper4/skyscraper4.obj]	[109]	{true}
mat4x4((0.178723, 0.000000, 0.000000, 0.000000), (0.000000, 0.178690, 0.000000, 0.000000), (0.000000, 0.000000, 0.178690, 0.000000), (1782.439209, 192.497849, 324.485779, 1.000000))

building3	[./models/building3/building3.obj]	[110]	{false}
mat4x4((0.140567, 0.000000, 0.000000, 0.000000), (0.000000, 0.140551, 0.000000, 0.000000), (0.000000, 0.000000, 0.140551, 0.000000), (484.862823, 162.887802, 3.604069, 1.000000))

building11	[./models/building11/building11.obj]	[111]	{false}
mat4x4((0.083539, 0.000000, 0.004180, 0.000000), (0.000000, 0.083637, 0.000000, 0.000000), (-0.004180, 0.000000, 0.083532, 0.000000), (735.962158, 67.744957, 15.977186, 1.000000))

building11	[./models/building11/building11.obj]	[112]	{false}
mat4x4((0.080278, 0.000000, 0.000000, 0.000000), (0.000000, 0.080271, 0.000000, 0.000000), (0.000000, 0.000000, 0.080271, 0.000000), (-113.001144, 49.822380, 799.049744, 1.000000))

building2	[./models/building2/building2.obj]	[113]	{false}
mat4x4((0.114444, 0.000000, 0.000000, 0.000000), (0.000000, 0.114434, 0.000000, 0.000000), (0.000000, 0.000000, 0.114434, 0.000000), (-102.131310, 142.402145, 238.041016, 1.000000))

garbage	[./models/garbage/Garbage_Bin.obj]	[114]	{false}
mat4x4((0.054649, 0.000000, 0.897747, 0.000000), (0.000000, 0.899410, 0.000000, 0.000000), (-0.897784, 0.000000, 0.054647, 0.000000), (-29.341980, 23.897530, 299.985962, 1.000000))

building10	[./models/building10/building10.obj]	[115]	{false}
mat4x4((0.110798, 0.000000, 0.000000, 0.000000), (0.000000, 0.110788, 0.000000, 0.000000), (0.000000, 0.000000, 0.110788, 0.000000), (140.382462, 96.478546, 0.304643, 1.000000))

building2	[./models/building2/building2.obj]	[116]	{false}
mat4x4((0.118285, 0.000000, 0.000000, 0.000000), (0.000000, 0.118275, 0.000000, 0.000000), (0.000000, 0.000000, 0.118275, 0.000000), (1870.996948, 155.720825, 1150.064575, 1.000000))

garbage	[./models/garbage/Garbage_Bin.obj]	[117]	{false}
mat4x4((0.586589, 0.000000, 0.546441, 0.000000), (0.000000, 0.801659, 0.000000, 0.000000), (-0.546464, 0.000000, 0.586564, 0.000000), (1693.387695, 26.940948, 445.457703, 1.000000))

nanosuit	[./models/nanosuit/nanosuit.obj]	[119]	{false}
mat4x4((0.195664, 0.000000, 3.214394, 0.000000), (0.000000, 3.220350, 0.000000, 0.000000), (-3.214404, 0.000000, 0.195664, 0.000000), (1713.125000, 19.001862, 866.858643, 1.000000))

nanosuit	[./models/nanosuit/nanosuit.obj]	[120]	{false}
mat4x4((3.193184, 0.000000, 0.417467, 0.000000), (0.000000, 3.220350, 0.000000, 0.000000), (-0.417468, 0.000000, 3.193177, 0.000000), (1697.963867, 19.105511, 837.387329, 1.000000))

nanosuit	[./models/nanosuit/nanosuit.obj]	[121]	{false}
mat4x4((1.685424, 0.000000, 2.744084, 0.000000), (0.000000, 3.220350, 0.000000, 0.000000), (-2.744092, 0.000000, 1.685420, 0.000000), (1712.882202, 19.068291, 906.159729, 1.000000))

nanosuit	[./models/nanosuit/nanosuit.obj]	[122]	{false}
mat4x4((1.925238, 0.000000, 2.581495, 0.000000), (0.000000, 3.220350, 0.000000, 0.000000), (-2.581502, 0.000000, 1.925233, 0.000000), (1506.794800, 0.142896, 704.600525, 1.000000))

building10	[./models/building10/building10.obj]	[124]	{false}
mat4x4((0.101266, 0.000000, 0.029117, 0.000000), (0.000000, 0.105360, 0.000000, 0.000000), (-0.029119, 0.000000, 0.101257, 0.000000), (116.182968, 104.950119, 1241.528564, 1.000000))

building6	[./models/building6/building6.obj]	[125]	{false}
mat4x4((0.083540, 0.000000, 0.000000, 0.000000), (0.000000, 0.083527, 0.000000, 0.000000), (0.000000, 0.000000, 0.083527, 0.000000), (-1482.909302, 1618.072388, 2445.540771, 1.000000))

building2	[./models/building2/building2.obj]	[126]	{false}
mat4x4((0.160814, 0.000000, 0.000000, 0.000000), (0.000000, 0.160800, 0.000000, 0.000000), (0.000000, 0.000000, 0.160800, 0.000000), (-346.810547, 1776.880005, 2454.599121, 1.000000))

