stop	[./models/StopSign/StopSign.obj]	[19]	{false}
mat4x4((12.085878, 0.000000, 0.000000, 0.000000), (0.000000, 12.085870, 0.000000, 0.000000), (0.000000, 0.000000, 12.085870, 0.000000), (-335.892578, 172.225677, -244.971375, 1.000000))

tree	[./models/Tree/Tree.obj]	[20]	{false}
mat4x4((11.112554, 0.000000, 0.000000, 0.000000), (0.000000, 11.112550, 0.000000, 0.000000), (0.000000, 0.000000, 11.112550, 0.000000), (-300.427032, 225.831543, -189.898956, 1.000000))

skyscraper4	[./models/skyscraper4/skyscraper4.obj]	[21]	{true}
mat4x4((0.318658, 0.000000, 0.000000, 0.000000), (0.000000, 0.318600, 0.000000, 0.000000), (0.000000, 0.000000, 0.318600, 0.000000), (-2261.559326, 863.749634, 3779.037598, 1.000000))

destroyed_house1	[./models/destroyed_house1/old_house1.obj]	[22]	{true}
mat4x4((0.676445, 0.000000, 0.000000, 0.000000), (0.000000, 0.676430, 0.000000, 0.000000), (0.000000, 0.000000, 0.676430, 0.000000), (-2286.187256, 798.749023, 2674.341309, 1.000000))

horse	[./models/horse/horse-obj.obj]	[23]	{false}
mat4x4((1.079915, 0.000000, 0.000000, 0.000000), (0.000000, 1.079900, 0.000000, 0.000000), (0.000000, 0.000000, 1.079900, 0.000000), (-2173.711670, 749.251831, 1075.839111, 1.000000))

abandoned1	[./models/abandoned1/abandoned1.obj]	[24]	{true}
mat4x4((0.383345, 0.000000, 0.000000, 0.000000), (0.000000, 0.383320, 0.000000, 0.000000), (0.000000, 0.000000, 0.383320, 0.000000), (-12900.000000, 846.952515, 21900.000000, 1.000000))

road3	[./models/road3/road3.obj]	[25]	{false}
mat4x4((0.267530, 0.000000, 0.000000, 0.000000), (0.000000, 0.267510, 0.000000, 0.000000), (0.000000, 0.000000, 0.267510, 0.000000), (-885.515686, 756.853760, 2043.246338, 1.000000))

building6	[./models/building6/building6.obj]	[26]	{false}
mat4x4((0.084803, 0.000000, 0.000000, 0.000000), (0.000000, 0.084790, 0.000000, 0.000000), (0.000000, 0.000000, 0.084790, 0.000000), (-112.441017, 142.266052, 588.092285, 1.000000))

building11	[./models/building11/building11.obj]	[27]	{false}
mat4x4((0.149583, 0.000000, 0.000000, 0.000000), (0.000000, 0.149570, 0.000000, 0.000000), (0.000000, 0.000000, 0.149570, 0.000000), (-1397.695190, 843.986755, 1234.797852, 1.000000))

building10	[./models/building10/building10.obj]	[28]	{false}
mat4x4((0.149583, 0.000000, 0.000000, 0.000000), (0.000000, 0.149570, 0.000000, 0.000000), (0.000000, 0.000000, 0.149570, 0.000000), (-103.391090, 734.285278, 2955.299072, 1.000000))

building3	[./models/building3/building3.obj]	[29]	{false}
mat4x4((0.151842, 0.000000, 0.000000, 0.000000), (0.000000, 0.151840, 0.000000, 0.000000), (0.000000, 0.000000, 0.151840, 0.000000), (-1190.982788, 895.024292, 1943.391357, 1.000000))

truck	[./models/truck/truck.obj]	[30]	{false}
mat4x4((3.460776, 0.000000, 0.000000, 0.000000), (0.000000, 3.460770, 0.000000, 0.000000), (0.000000, 0.000000, 3.460770, 0.000000), (-902.659363, 798.015259, 2344.041260, 1.000000))

road1	[./models/road1/road1.obj]	[31]	{false}
mat4x4((0.270708, 0.000000, 0.000000, 0.000000), (0.000000, 0.270680, 0.000000, 0.000000), (0.000000, 0.000000, 0.270680, 0.000000), (-887.345032, 755.000000, 3066.087646, 1.000000))

garbage	[./models/garbage/Garbage_Bin.obj]	[32]	{false}
mat4x4((0.540520, 0.000000, 0.000000, 0.000000), (0.000000, 0.540490, 0.000000, 0.000000), (0.000000, 0.000000, 0.540490, 0.000000), (-777.146240, 834.966309, 2473.624512, 1.000000))

nanosuit	[./models/nanosuit/nanosuit.obj]	[33]	{false}
mat4x4((3.220358, 0.000000, 0.000000, 0.000000), (0.000000, 3.220350, 0.000000, 0.000000), (0.000000, 0.000000, 3.220350, 0.000000), (-757.632751, 752.523315, 1671.834595, 1.000000))

street_cones1	[./models/street_cones1/street_cones1.obj]	[34]	{false}
mat4x4((0.173907, 0.000000, 0.000000, 0.000000), (0.000000, 0.173890, 0.000000, 0.000000), (0.000000, 0.000000, 0.173890, 0.000000), (-872.655762, 757.080627, 1588.307861, 1.000000))

street_cones1	[./models/street_cones1/street_cones1.obj]	[35]	{false}
mat4x4((0.198853, 0.000000, 0.000000, 0.000000), (0.000000, 0.198830, 0.000000, 0.000000), (0.000000, 0.000000, 0.198830, 0.000000), (-891.471741, 758.702637, 1376.880249, 1.000000))

street_cones1	[./models/street_cones1/street_cones1.obj]	[36]	{false}
mat4x4((0.133806, 0.000000, 0.000000, 0.000000), (0.000000, 0.133790, 0.000000, 0.000000), (0.000000, 0.000000, 0.133790, 0.000000), (-838.238098, 760.575745, 1663.702026, 1.000000))

street_cones1	[./models/street_cones1/street_cones1.obj]	[37]	{false}
mat4x4((0.190674, 0.000000, 0.000000, 0.000000), (0.000000, 0.190660, 0.000000, 0.000000), (0.000000, 0.000000, 0.190660, 0.000000), (-880.803162, 756.127380, 1485.682983, 1.000000))

building6	[./models/building6/building6.obj]	[38]	{false}
mat4x4((0.125038, 0.000000, 0.000000, 0.000000), (0.000000, 0.125020, 0.000000, 0.000000), (0.000000, 0.000000, 0.125020, 0.000000), (2072.687256, 186.111893, 973.033630, 1.000000))

building2	[./models/building2/building2.obj]	[39]	{false}
mat4x4((0.169552, 0.000000, -0.001690, 0.000000), (0.000000, 0.169530, 0.000000, 0.000000), (0.001695, 0.000000, 0.169510, 0.000000), (1086.937622, 220.561493, -4.606290, 1.000000))

skyscraper4	[./models/skyscraper4/skyscraper4.obj]	[40]	{true}
mat4x4((0.170684, 0.000000, 0.000000, 0.000000), (0.000000, 0.170650, 0.000000, 0.000000), (0.000000, 0.000000, 0.170650, 0.000000), (-117.348381, 166.570847, 1091.366577, 1.000000))

building10	[./models/building10/building10.obj]	[41]	{false}
mat4x4((0.002022, 0.000000, 0.187200, 0.000000), (0.000000, 0.187210, 0.000000, 0.000000), (-0.187248, 0.000000, 0.002020, 0.000000), (2003.310669, 181.094360, 174.390366, 1.000000))

street_cones1	[./models/street_cones1/street_cones1.obj]	[42]	{false}
mat4x4((0.288520, 0.000000, 0.000000, 0.000000), (0.000000, 0.288500, 0.000000, 0.000000), (0.000000, 0.000000, 0.288500, 0.000000), (453.011871, 15.364640, 753.845093, 1.000000))

street_cones1	[./models/street_cones1/street_cones1.obj]	[43]	{false}
mat4x4((0.307599, 0.000000, 0.000000, 0.000000), (0.000000, 0.307570, 0.000000, 0.000000), (0.000000, 0.000000, 0.307570, 0.000000), (1310.278564, 19.102730, 743.914429, 1.000000))

street_cones1	[./models/street_cones1/street_cones1.obj]	[44]	{false}
mat4x4((0.287368, 0.000000, 0.000000, 0.000000), (0.000000, 0.287340, 0.000000, 0.000000), (0.000000, 0.000000, 0.287340, 0.000000), (922.807068, 15.202980, 1170.905640, 1.000000))

street_cones1	[./models/street_cones1/street_cones1.obj]	[45]	{false}
mat4x4((0.286507, 0.000000, 0.000000, 0.000000), (0.000000, 0.286480, 0.000000, 0.000000), (0.000000, 0.000000, 0.286480, 0.000000), (1297.248901, 20.796980, 1549.534058, 1.000000))

horse	[./models/horse/horse-obj.obj]	[46]	{false}
mat4x4((-0.936867, 0.000000, -0.111450, 0.000000), (0.000000, 0.943460, 0.000000, 0.000000), (0.111453, 0.000000, -0.936840, 0.000000), (1309.574219, 8.712630, 1259.574707, 1.000000))

truck	[./models/truck/truck.obj]	[47]	{false}
mat4x4((0.460251, 0.000000, -4.550660, 0.000000), (0.000000, 4.573890, 0.000000, 0.000000), (4.550676, 0.000000, 0.460250, 0.000000), (1854.656616, 20.168770, 516.467896, 1.000000))

garbage	[./models/garbage/Garbage_Bin.obj]	[48]	{false}
mat4x4((0.518045, 0.000000, 0.015540, 0.000000), (0.000000, 0.518250, 0.000000, 0.000000), (-0.015546, 0.000000, 0.518010, 0.000000), (1271.790649, 27.072170, 436.496857, 1.000000))

building11	[./models/building11/building11.obj]	[49]	{false}
mat4x4((0.126032, 0.000000, -0.001240, 0.000000), (0.000000, 0.126000, 0.000000, 0.000000), (0.001261, 0.000000, 0.126000, 0.000000), (1089.886597, 94.983047, 1525.823608, 1.000000))

street_cones1	[./models/street_cones1/street_cones1.obj]	[50]	{false}
mat4x4((0.257936, 0.000000, 0.000000, 0.000000), (0.000000, 0.257910, 0.000000, 0.000000), (0.000000, 0.000000, 0.257910, 0.000000), (107.116844, 7.346110, 1102.295776, 1.000000))

street_cones1	[./models/street_cones1/street_cones1.obj]	[51]	{false}
mat4x4((0.231055, 0.000000, 0.000000, 0.000000), (0.000000, 0.231040, 0.000000, 0.000000), (0.000000, 0.000000, 0.231040, 0.000000), (157.424545, 12.406790, 1099.820923, 1.000000))

street_cones1	[./models/street_cones1/street_cones1.obj]	[52]	{false}
mat4x4((0.281112, 0.000000, 0.000000, 0.000000), (0.000000, 0.281090, 0.000000, 0.000000), (0.000000, 0.000000, 0.281090, 0.000000), (59.583641, 5.892200, 1097.857910, 1.000000))

building3	[./models/building3/building3.obj]	[53]	{false}
mat4x4((0.155047, 0.000000, 0.000000, 0.000000), (0.000000, 0.155030, 0.000000, 0.000000), (0.000000, 0.000000, 0.155030, 0.000000), (564.117249, 186.588974, 2287.716064, 1.000000))

destroyed_house1	[./models/destroyed_house1/old_house1.obj]	[54]	{true}
mat4x4((-0.251125, 0.000000, 0.030680, 0.000000), (0.000000, 0.252980, 0.000000, 0.000000), (-0.030686, 0.000000, -0.251110, 0.000000), (1114.589478, 219.244843, 1366.418945, 1.000000))

building3	[./models/building3/building3.obj]	[55]	{false}
mat4x4((0.209287, 0.000000, 0.000000, 0.000000), (0.000000, 0.209260, 0.000000, 0.000000), (0.000000, 0.000000, 0.209260, 0.000000), (1465.843140, 166.929352, -0.555710, 1.000000))

skyscraper4	[./models/skyscraper4/skyscraper4.obj]	[56]	{true}
mat4x4((0.199096, 0.000000, 0.000000, 0.000000), (0.000000, 0.199050, 0.000000, 0.000000), (0.000000, 0.000000, 0.199050, 0.000000), (1835.652588, 230.133041, -3.419140, 1.000000))

building3	[./models/building3/building3.obj]	[57]	{false}
mat4x4((0.146437, 0.000000, 0.001460, 0.000000), (0.000000, 0.146420, 0.000000, 0.000000), (-0.001464, 0.000000, 0.146410, 0.000000), (444.584259, 140.604233, -7.047940, 1.000000))

building11	[./models/building11/building11.obj]	[58]	{false}
mat4x4((0.119624, 0.000000, -0.001190, 0.000000), (0.000000, 0.119610, 0.000000, 0.000000), (0.001197, 0.000000, 0.119610, 0.000000), (754.012634, 73.738281, -13.418570, 1.000000))

building11	[./models/building11/building11.obj]	[59]	{false}
mat4x4((0.080278, 0.000000, 0.000000, 0.000000), (0.000000, 0.080270, 0.000000, 0.000000), (0.000000, 0.000000, 0.080270, 0.000000), (-113.001144, 49.822380, 799.049744, 1.000000))

garbage	[./models/garbage/Garbage_Bin.obj]	[60]	{false}
mat4x4((-0.009121, 0.000000, 0.990920, 0.000000), (0.000000, 0.990980, 0.000000, 0.000000), (-0.990978, 0.000000, -0.009120, 0.000000), (-46.556156, 6.107350, 314.082703, 1.000000))

building10	[./models/building10/building10.obj]	[61]	{false}
mat4x4((0.137636, 0.000000, 0.000000, 0.000000), (0.000000, 0.137610, 0.000000, 0.000000), (0.000000, 0.000000, 0.137610, 0.000000), (108.299759, 100.313202, 2.778240, 1.000000))

building2	[./models/building2/building2.obj]	[62]	{false}
mat4x4((0.118285, 0.000000, 0.000000, 0.000000), (0.000000, 0.118270, 0.000000, 0.000000), (0.000000, 0.000000, 0.118270, 0.000000), (2037.050781, 161.372482, 1224.940308, 1.000000))

garbage	[./models/garbage/Garbage_Bin.obj]	[63]	{false}
mat4x4((-0.009568, 0.000000, 1.039520, 0.000000), (0.000000, 1.039560, 0.000000, 0.000000), (-1.039570, 0.000000, -0.009570, 0.000000), (2018.801880, 24.994440, 583.485840, 1.000000))

nanosuit	[./models/nanosuit/nanosuit.obj]	[64]	{false}
mat4x4((0.195664, 0.000000, 3.214390, 0.000000), (0.000000, 3.220350, 0.000000, 0.000000), (-3.214404, 0.000000, 0.195660, 0.000000), (1839.320068, 13.332050, 829.347107, 1.000000))

nanosuit	[./models/nanosuit/nanosuit.obj]	[65]	{false}
mat4x4((3.193184, 0.000000, 0.417460, 0.000000), (0.000000, 3.220350, 0.000000, 0.000000), (-0.417468, 0.000000, 3.193170, 0.000000), (1795.773315, 13.403090, 800.626648, 1.000000))

nanosuit	[./models/nanosuit/nanosuit.obj]	[66]	{false}
mat4x4((-1.653499, 0.000000, 2.763430, 0.000000), (0.000000, 3.220350, 0.000000, 0.000000), (-2.763442, 0.000000, -1.653490, 0.000000), (1805.169189, 14.805750, 878.045044, 1.000000))

nanosuit	[./models/nanosuit/nanosuit.obj]	[67]	{false}
mat4x4((1.925238, 0.000000, 2.581490, 0.000000), (0.000000, 3.220350, 0.000000, 0.000000), (-2.581502, 0.000000, 1.925230, 0.000000), (1806.423950, 21.900419, 330.315338, 1.000000))

building10	[./models/building10/building10.obj]	[68]	{false}
mat4x4((0.105348, 0.000000, -0.002110, 0.000000), (0.000000, 0.105360, 0.000000, 0.000000), (0.002108, 0.000000, 0.105330, 0.000000), (190.001480, 114.395920, 1263.333008, 1.000000))

building6	[./models/building6/building6.obj]	[69]	{false}
mat4x4((0.083540, 0.000000, 0.000000, 0.000000), (0.000000, 0.083520, 0.000000, 0.000000), (0.000000, 0.000000, 0.083520, 0.000000), (-1482.909302, 1618.072388, 2445.540771, 1.000000))

building2	[./models/building2/building2.obj]	[70]	{false}
mat4x4((0.160814, 0.000000, 0.000000, 0.000000), (0.000000, 0.160800, 0.000000, 0.000000), (0.000000, 0.000000, 0.160800, 0.000000), (-350.745056, 1777.153687, 2455.266113, 1.000000))

building2	[./models/building2/building2.obj]	[71]	{false}
mat4x4((0.124969, 0.000000, 0.001240, 0.000000), (0.000000, 0.124950, 0.000000, 0.000000), (-0.001249, 0.000000, 0.124950, 0.000000), (-125.875946, 166.798248, 253.212219, 1.000000))

stop	[./models/StopSign/StopSign.obj]	[72]	{false}
mat4x4((1.216142, 0.000000, 12.024450, 0.000000), (0.000000, 12.085870, 0.000000, 0.000000), (-12.024477, 0.000000, 1.216130, 0.000000), (446.310547, 31.373211, 1165.554565, 1.000000))

building10	[./models/building10/building10.obj]	[73]	{false}
mat4x4((0.001615, 0.000000, -0.149560, 0.000000), (0.000000, 0.149570, 0.000000, 0.000000), (0.149574, 0.000000, 0.001610, 0.000000), (393.618683, 145.462143, 1982.572632, 1.000000))

building11	[./models/building11/building11.obj]	[74]	{false}
mat4x4((0.149583, 0.000000, 0.000000, 0.000000), (0.000000, 0.149570, 0.000000, 0.000000), (0.000000, 0.000000, 0.149570, 0.000000), (183.581482, 112.086998, 1699.321899, 1.000000))

building6	[./models/building6/building6.obj]	[75]	{false}
mat4x4((0.000068, 0.000000, -0.084790, 0.000000), (0.000000, 0.084790, 0.000000, 0.000000), (0.084803, 0.000000, 0.000060, 0.000000), (941.466431, 142.498383, 2092.158447, 1.000000))

destroyed_house1	[./models/destroyed_house1/old_house1.obj]	[76]	{true}
mat4x4((-0.676419, 0.000000, 0.005680, 0.000000), (0.000000, 0.676430, 0.000000, 0.000000), (-0.005687, 0.000000, -0.676400, 0.000000), (1076.629517, 89.844040, 2092.397217, 1.000000))

skyscraper4	[./models/skyscraper4/skyscraper4.obj]	[77]	{true}
mat4x4((0.286881, 0.000000, 0.000000, 0.000000), (0.000000, 0.286820, 0.000000, 0.000000), (0.000000, 0.000000, 0.286820, 0.000000), (1498.797729, 259.010834, 2470.584229, 1.000000))

garbage	[./models/garbage/Garbage_Bin.obj]	[78]	{false}
mat4x4((0.889186, 0.000000, 0.000000, 0.000000), (0.000000, 0.889130, 0.000000, 0.000000), (0.000000, 0.000000, 0.889130, 0.000000), (1813.346069, 20.773390, 2019.008423, 1.000000))

building2	[./models/building2/building2.obj]	[79]	{false}
mat4x4((0.159842, 0.000000, 0.000000, 0.000000), (0.000000, 0.159830, 0.000000, 0.000000), (0.000000, 0.000000, 0.159810, 0.000000), (2044.224976, 201.056763, 1957.328003, 1.000000))

building11	[./models/building11/building11.obj]	[80]	{false}
mat4x4((0.149583, 0.000000, 0.000000, 0.000000), (0.000000, 0.149570, 0.000000, 0.000000), (0.000000, 0.000000, 0.149570, 0.000000), (2084.376953, 109.192642, 1626.426025, 1.000000))

building11	[./models/building11/building11.obj]	[81]	{false}
mat4x4((0.056615, 0.000000, 0.000000, 0.000000), (0.000000, 0.056610, 0.000000, 0.000000), (0.000000, 0.000000, 0.056610, 0.000000), (1114.030151, 183.458344, 1447.196167, 1.000000))

building6	[./models/building6/building6.obj]	[82]	{false}
mat4x4((0.109971, 0.000000, 0.000000, 0.000000), (0.000000, 0.109950, 0.000000, 0.000000), (0.000000, 0.000000, 0.109950, 0.000000), (624.909241, 180.746964, 721.754822, 1.000000))

building11	[./models/building11/building11.obj]	[83]	{false}
mat4x4((0.129772, 0.000000, 0.000000, 0.000000), (0.000000, 0.129760, 0.000000, 0.000000), (0.000000, 0.000000, 0.129760, 0.000000), (984.757263, 93.829231, 730.354675, 1.000000))

garbage	[./models/garbage/Garbage_Bin.obj]	[84]	{false}
mat4x4((0.016643, 0.000000, 0.540230, 0.000000), (0.000000, 0.540490, 0.000000, 0.000000), (-0.540263, 0.000000, 0.016640, 0.000000), (1281.450684, 27.871180, 562.059143, 1.000000))

garbage	[./models/garbage/Garbage_Bin.obj]	[85]	{false}
mat4x4((0.540520, 0.000000, 0.000000, 0.000000), (0.000000, 0.540490, 0.000000, 0.000000), (0.000000, 0.000000, 0.540490, 0.000000), (1271.778931, 26.922930, 685.664246, 1.000000))

nanosuit	[./models/nanosuit/nanosuit.obj]	[86]	{false}
mat4x4((1.256427, 0.000000, -2.965130, 0.000000), (0.000000, 3.220350, 0.000000, 0.000000), (2.965145, 0.000000, 1.256420, 0.000000), (1267.609741, 17.742849, 484.121002, 1.000000))

street_cones1	[./models/street_cones1/street_cones1.obj]	[87]	{false}
mat4x4((0.173907, 0.000000, 0.000000, 0.000000), (0.000000, 0.173890, 0.000000, 0.000000), (0.000000, 0.000000, 0.173890, 0.000000), (445.504944, 16.227470, 409.379059, 1.000000))

street_cones1	[./models/street_cones1/street_cones1.obj]	[88]	{false}
mat4x4((0.173907, 0.000000, 0.000000, 0.000000), (0.000000, 0.173890, 0.000000, 0.000000), (0.000000, 0.000000, 0.173890, 0.000000), (906.051941, 15.511320, 1551.859985, 1.000000))

stop	[./models/StopSign/StopSign.obj]	[89]	{false}
mat4x4((-0.232081, 0.000000, 12.083620, 0.000000), (0.000000, 12.085870, 0.000000, 0.000000), (-12.083631, 0.000000, -0.232080, 0.000000), (874.123108, 27.225981, 1164.305420, 1.000000))

stop	[./models/StopSign/StopSign.obj]	[90]	{false}
mat4x4((0.492921, 0.000000, 12.075790, 0.000000), (0.000000, 12.085870, 0.000000, 0.000000), (-12.075805, 0.000000, 0.492920, 0.000000), (1343.434326, 43.905350, 1165.816650, 1.000000))

stop	[./models/StopSign/StopSign.obj]	[91]	{false}
mat4x4((-3.214404, 0.000000, 11.650540, 0.000000), (0.000000, 12.085870, 0.000000, 0.000000), (-11.650558, 0.000000, -3.214400, 0.000000), (1775.695190, 54.836079, 1183.952515, 1.000000))

stop	[./models/StopSign/StopSign.obj]	[92]	{false}
mat4x4((12.085878, 0.000000, 0.000000, 0.000000), (0.000000, 12.085870, 0.000000, 0.000000), (0.000000, 0.000000, 12.085870, 0.000000), (908.133911, 28.443489, 1144.083008, 1.000000))

stop	[./models/StopSign/StopSign.obj]	[93]	{false}
mat4x4((11.794573, 0.000000, 2.637490, 0.000000), (0.000000, 12.085870, 0.000000, 0.000000), (-2.637496, 0.000000, 11.794560, 0.000000), (923.017151, 31.700809, 766.516846, 1.000000))

stop	[./models/StopSign/StopSign.obj]	[94]	{false}
mat4x4((2.646879, 0.000000, -11.792430, 0.000000), (0.000000, 12.085870, 0.000000, 0.000000), (11.792448, 0.000000, 2.646870, 0.000000), (1341.599365, 30.868919, 742.030090, 1.000000))

stop	[./models/StopSign/StopSign.obj]	[95]	{false}
mat4x4((-0.473693, 0.000000, -12.076550, 0.000000), (0.000000, 12.085870, 0.000000, 0.000000), (12.076558, 0.000000, -0.473690, 0.000000), (1776.802368, 33.675941, 733.619141, 1.000000))

stop	[./models/StopSign/StopSign.obj]	[96]	{false}
mat4x4((-12.085422, 0.000000, -0.101610, 0.000000), (0.000000, 12.085870, 0.000000, 0.000000), (0.101611, 0.000000, -12.085410, 0.000000), (1309.625000, 27.634300, 1142.415039, 1.000000))

stop	[./models/StopSign/StopSign.obj]	[97]	{false}
mat4x4((-11.947248, 0.000000, 1.825100, 0.000000), (0.000000, 12.085870, 0.000000, 0.000000), (-1.825116, 0.000000, -11.947230, 0.000000), (1305.498047, 26.019810, 771.695862, 1.000000))

stop	[./models/StopSign/StopSign.obj]	[98]	{false}
mat4x4((-8.170634, 0.000000, -8.905510, 0.000000), (0.000000, 12.085870, 0.000000, 0.000000), (8.905519, 0.000000, -8.170620, 0.000000), (402.187134, 37.709831, 723.840942, 1.000000))

stop	[./models/StopSign/StopSign.obj]	[99]	{false}
mat4x4((4.603801, 0.000000, -11.174640, 0.000000), (0.000000, 12.085870, 0.000000, 0.000000), (11.174656, 0.000000, 4.603790, 0.000000), (32.834824, 33.246368, 713.687622, 1.000000))

