garbage	[./models/garbage/Garbage_Bin.obj]	[17]	{false}
mat4x4((0.899447, 0.000000, 0.000000, 0.000000), (0.000000, 0.899410, 0.000000, 0.000000), (0.000000, 0.000000, 0.899410, 0.000000), (-115.388237, 750.561462, 2856.965088, 1.000000))

nanosuit	[./models/nanosuit/nanosuit.obj]	[18]	{false}
mat4x4((3.220358, 0.000000, 0.000000, 0.000000), (0.000000, 3.220350, 0.000000, 0.000000), (0.000000, 0.000000, 3.220350, 0.000000), (-1888.532471, 748.900024, 1707.543701, 1.000000))

skyscraper4	[./models/skyscraper4/skyscraper4.obj]	[19]	{true}
mat4x4((0.318658, 0.000000, 0.000000, 0.000000), (0.000000, 0.318600, 0.000000, 0.000000), (0.000000, 0.000000, 0.318600, 0.000000), (-2261.559326, 863.749634, 3779.037598, 1.000000))

destroyed_house1	[./models/destroyed_house1/old_house1.obj]	[20]	{true}
mat4x4((0.676445, 0.000000, 0.000000, 0.000000), (0.000000, 0.676430, 0.000000, 0.000000), (0.000000, 0.000000, 0.676430, 0.000000), (-2286.187256, 798.749023, 2674.341309, 1.000000))

street_cones1	[./models/street_cones1/street_cones1.obj]	[21]	{false}
mat4x4((0.489323, 0.000000, 0.000000, 0.000000), (0.000000, 0.489290, 0.000000, 0.000000), (0.000000, 0.000000, 0.489290, 0.000000), (-1973.183350, 754.293579, 1028.337524, 1.000000))

horse	[./models/horse/horse-obj.obj]	[22]	{false}
mat4x4((1.079915, 0.000000, 0.000000, 0.000000), (0.000000, 1.079900, 0.000000, 0.000000), (0.000000, 0.000000, 1.079900, 0.000000), (-2173.711670, 749.251831, 1075.839111, 1.000000))

abandoned1	[./models/abandoned1/abandoned1.obj]	[23]	{true}
mat4x4((0.383345, 0.000000, 0.000000, 0.000000), (0.000000, 0.383320, 0.000000, 0.000000), (0.000000, 0.000000, 0.383320, 0.000000), (-12900.000000, 846.952515, 21900.000000, 1.000000))

road1	[./models/road1/road1.obj]	[24]	{false}
mat4x4((0.270708, 0.000000, 0.000000, 0.000000), (0.000000, 0.270680, 0.000000, 0.000000), (0.000000, 0.000000, 0.270680, 0.000000), (-888.531006, 756.450806, 1788.756226, 1.000000))

road3	[./models/road3/road3.obj]	[25]	{false}
mat4x4((0.267530, 0.000000, 0.000000, 0.000000), (0.000000, 0.267510, 0.000000, 0.000000), (0.000000, 0.000000, 0.267510, 0.000000), (-885.515686, 756.853760, 2043.246338, 1.000000))

building3	[./models/building3/building3.obj]	[26]	{false}
mat4x4((0.201312, 0.000000, 0.000000, 0.000000), (0.000000, 0.201290, 0.000000, 0.000000), (0.000000, 0.000000, 0.201290, 0.000000), (108.371841, 978.875061, 2049.977295, 1.000000))

building2	[./models/building2/building2.obj]	[27]	{false}
mat4x4((0.160814, 0.000000, 0.000000, 0.000000), (0.000000, 0.160800, 0.000000, 0.000000), (0.000000, 0.000000, 0.160800, 0.000000), (-755.414917, 956.247559, 388.437042, 1.000000))

building6	[./models/building6/building6.obj]	[28]	{false}
mat4x4((0.149583, 0.000000, 0.000000, 0.000000), (0.000000, 0.149570, 0.000000, 0.000000), (0.000000, 0.000000, 0.149570, 0.000000), (375.121857, 928.837158, 716.565247, 1.000000))

building11	[./models/building11/building11.obj]	[29]	{false}
mat4x4((0.149583, 0.000000, 0.000000, 0.000000), (0.000000, 0.149570, 0.000000, 0.000000), (0.000000, 0.000000, 0.149570, 0.000000), (-1397.695190, 843.986755, 1234.797852, 1.000000))

building10	[./models/building10/building10.obj]	[30]	{false}
mat4x4((0.149583, 0.000000, 0.000000, 0.000000), (0.000000, 0.149570, 0.000000, 0.000000), (0.000000, 0.000000, 0.149570, 0.000000), (79.854790, 881.542969, 2459.690674, 1.000000))

road1	[./models/road1/road1.obj]	[31]	{false}
mat4x4((0.002852, 0.000000, -0.264210, 0.000000), (0.000000, 0.264230, 0.000000, 0.000000), (0.264218, 0.000000, 0.002849, 0.000000), (-627.849121, 758.683044, 2045.589966, 1.000000))

building3	[./models/building3/building3.obj]	[32]	{false}
mat4x4((0.151842, 0.000000, 0.000000, 0.000000), (0.000000, 0.151840, 0.000000, 0.000000), (0.000000, 0.000000, 0.151840, 0.000000), (-1171.131470, 916.320801, 1950.629150, 1.000000))

road3	[./models/road3/road3.obj]	[33]	{false}
mat4x4((0.266455, 0.000000, 0.000000, 0.000000), (0.000000, 0.266440, 0.000000, 0.000000), (0.000000, 0.000000, 0.266440, 0.000000), (-884.894958, 755.118408, 2306.867188, 1.000000))

road1	[./models/road1/road1.obj]	[34]	{false}
mat4x4((0.002805, 0.000000, -0.259780, 0.000000), (0.000000, 0.259800, 0.000000, 0.000000), (0.259813, 0.000000, 0.002800, 0.000000), (-626.659058, 753.885986, 2307.416504, 1.000000))

road3	[./models/road3/road3.obj]	[35]	{false}
mat4x4((0.264338, 0.000000, 0.000000, 0.000000), (0.000000, 0.264320, 0.000000, 0.000000), (0.000000, 0.000000, 0.264320, 0.000000), (-887.670105, 755.302795, 2804.890625, 1.000000))

road1	[./models/road1/road1.obj]	[36]	{false}
mat4x4((0.264285, 0.000000, 0.000000, 0.000000), (0.000000, 0.264250, 0.000000, 0.000000), (0.000000, 0.000000, 0.264250, 0.000000), (-887.031738, 755.481628, 2556.455811, 1.000000))

truck	[./models/truck/truck.obj]	[37]	{false}
mat4x4((3.460776, 0.000000, 0.000000, 0.000000), (0.000000, 3.460770, 0.000000, 0.000000), (0.000000, 0.000000, 3.460770, 0.000000), (-706.196167, 761.161865, 2003.152222, 1.000000))

road1	[./models/road1/road1.obj]	[38]	{false}
mat4x4((0.270708, 0.000000, 0.000000, 0.000000), (0.000000, 0.270680, 0.000000, 0.000000), (0.000000, 0.000000, 0.270680, 0.000000), (-887.345032, 755.000000, 3066.087646, 1.000000))

road1	[./models/road1/road1.obj]	[39]	{false}
mat4x4((0.270708, 0.000000, 0.000000, 0.000000), (0.000000, 0.270680, 0.000000, 0.000000), (0.000000, 0.000000, 0.270680, 0.000000), (-887.651184, 755.000000, 1533.130737, 1.000000))

road1	[./models/road1/road1.obj]	[40]	{false}
mat4x4((0.270708, 0.000000, 0.000000, 0.000000), (0.000000, 0.270680, 0.000000, 0.000000), (0.000000, 0.000000, 0.270680, 0.000000), (-888.190918, 755.000000, 1260.871948, 1.000000))

road1	[./models/road1/road1.obj]	[41]	{false}
mat4x4((0.270708, 0.000000, 0.000000, 0.000000), (0.000000, 0.270680, 0.000000, 0.000000), (0.000000, 0.000000, 0.270680, 0.000000), (-888.590210, 755.000000, 990.466248, 1.000000))

road3	[./models/road3/road3.obj]	[42]	{false}
mat4x4((0.267530, 0.000000, 0.000000, 0.000000), (0.000000, 0.267510, 0.000000, 0.000000), (0.000000, 0.000000, 0.267510, 0.000000), (-887.756226, 755.000000, 716.089966, 1.000000))

road1	[./models/road1/road1.obj]	[43]	{false}
mat4x4((0.013745, 0.000000, -0.270330, 0.000000), (0.000000, 0.270680, 0.000000, 0.000000), (0.270359, 0.000000, 0.013744, 0.000000), (-625.492737, 755.000000, 723.051270, 1.000000))

road1	[./models/road1/road1.obj]	[44]	{false}
mat4x4((0.056643, 0.000000, -0.264688, 0.000000), (0.000000, 0.270680, 0.000000, 0.000000), (0.264716, 0.000000, 0.056637, 0.000000), (-369.266968, 755.000000, 754.098083, 1.000000))

road1	[./models/road1/road1.obj]	[45]	{false}
mat4x4((0.080206, 0.000000, -0.258526, 0.000000), (0.000000, 0.270680, 0.000000, 0.000000), (0.258553, 0.000000, 0.080197, 0.000000), (-118.033890, 755.000000, 819.902954, 1.000000))

garbage	[./models/garbage/Garbage_Bin.obj]	[47]	{false}
mat4x4((0.540520, 0.000000, 0.000000, 0.000000), (0.000000, 0.540498, 0.000000, 0.000000), (0.000000, 0.000000, 0.540498, 0.000000), (-914.667114, 750.837463, 2478.575439, 1.000000))

nanosuit	[./models/nanosuit/nanosuit.obj]	[48]	{false}
mat4x4((3.220358, 0.000000, 0.000000, 0.000000), (0.000000, 3.220350, 0.000000, 0.000000), (0.000000, 0.000000, 3.220350, 0.000000), (-757.632751, 752.523315, 1671.834595, 1.000000))

horse	[./models/horse/horse-obj.obj]	[50]	{false}
mat4x4((0.171267, 0.000000, 0.800393, 0.000000), (0.000000, 0.818512, 0.000000, 0.000000), (-0.800404, 0.000000, 0.171264, 0.000000), (-208.693237, 741.854614, 765.187744, 1.000000))

street_cones1	[./models/street_cones1/street_cones1.obj]	[51]	{false}
mat4x4((0.197667, 0.000000, 0.000000, 0.000000), (0.000000, 0.197653, 0.000000, 0.000000), (0.000000, 0.000000, 0.197653, 0.000000), (-850.376587, 760.398926, 1260.398071, 1.000000))

street_cones1	[./models/street_cones1/street_cones1.obj]	[52]	{false}
mat4x4((0.173907, 0.000000, 0.000000, 0.000000), (0.000000, 0.173895, 0.000000, 0.000000), (0.000000, 0.000000, 0.173895, 0.000000), (-872.655762, 757.080627, 1588.307861, 1.000000))

street_cones1	[./models/street_cones1/street_cones1.obj]	[53]	{false}
mat4x4((0.198853, 0.000000, 0.000000, 0.000000), (0.000000, 0.198839, 0.000000, 0.000000), (0.000000, 0.000000, 0.198839, 0.000000), (-891.471741, 758.702637, 1376.880249, 1.000000))

street_cones1	[./models/street_cones1/street_cones1.obj]	[54]	{false}
mat4x4((0.133806, 0.000000, 0.000000, 0.000000), (0.000000, 0.133797, 0.000000, 0.000000), (0.000000, 0.000000, 0.133797, 0.000000), (-838.238098, 760.575745, 1663.702026, 1.000000))

street_cones1	[./models/street_cones1/street_cones1.obj]	[55]	{false}
mat4x4((0.190674, 0.000000, 0.000000, 0.000000), (0.000000, 0.190661, 0.000000, 0.000000), (0.000000, 0.000000, 0.190661, 0.000000), (-880.803162, 756.127380, 1485.682983, 1.000000))

road1	[./models/road1/road1.obj]	[59]	{false}
mat4x4((0.000216, 0.000000, 0.270679, 0.000000), (0.000000, 0.270680, 0.000000, 0.000000), (-0.270708, 0.000000, 0.000216, 0.000000), (-1156.433228, 755.000000, 2042.516113, 1.000000))

road1	[./models/road1/road1.obj]	[60]	{false}
mat4x4((0.000216, 0.000000, -0.270679, 0.000000), (0.000000, 0.270680, 0.000000, 0.000000), (0.270708, 0.000000, 0.000216, 0.000000), (-1159.098389, 755.000000, 2309.163574, 1.000000))

