stop	[./models/StopSign/StopSign.obj]	[19]	{false}
mat4x4((12.085878, 0.000000, 0.000000, 0.000000), (0.000000, 12.085870, 0.000000, 0.000000), (0.000000, 0.000000, 12.085870, 0.000000), (-335.892578, 172.225677, -244.971375, 1.000000))

tree	[./models/Tree/Tree.obj]	[20]	{false}
mat4x4((11.112554, 0.000000, 0.000000, 0.000000), (0.000000, 11.112550, 0.000000, 0.000000), (0.000000, 0.000000, 11.112550, 0.000000), (-300.427032, 225.831543, -189.898956, 1.000000))

skyscraper4	[./models/skyscraper4/skyscraper4.obj]	[21]	{true}
mat4x4((0.318658, 0.000000, 0.000000, 0.000000), (0.000000, 0.318600, 0.000000, 0.000000), (0.000000, 0.000000, 0.318600, 0.000000), (-2261.559326, 863.749634, 3779.037598, 1.000000))

destroyed_house1	[./models/destroyed_house1/old_house1.obj]	[22]	{true}
mat4x4((0.676445, 0.000000, 0.000000, 0.000000), (0.000000, 0.676430, 0.000000, 0.000000), (0.000000, 0.000000, 0.676430, 0.000000), (-2286.187256, 798.749023, 2674.341309, 1.000000))

horse	[./models/horse/horse-obj.obj]	[23]	{false}
mat4x4((1.079915, 0.000000, 0.000000, 0.000000), (0.000000, 1.079900, 0.000000, 0.000000), (0.000000, 0.000000, 1.079900, 0.000000), (-2173.711670, 749.251831, 1075.839111, 1.000000))

abandoned1	[./models/abandoned1/abandoned1.obj]	[24]	{true}
mat4x4((0.383345, 0.000000, 0.000000, 0.000000), (0.000000, 0.383320, 0.000000, 0.000000), (0.000000, 0.000000, 0.383320, 0.000000), (-12900.000000, 846.952515, 21900.000000, 1.000000))

road3	[./models/road3/road3.obj]	[25]	{false}
mat4x4((0.267530, 0.000000, 0.000000, 0.000000), (0.000000, 0.267510, 0.000000, 0.000000), (0.000000, 0.000000, 0.267510, 0.000000), (-885.515686, 756.853760, 2043.246338, 1.000000))

building6	[./models/building6/building6.obj]	[26]	{false}
mat4x4((0.084803, 0.000000, 0.000000, 0.000000), (0.000000, 0.084790, 0.000000, 0.000000), (0.000000, 0.000000, 0.084790, 0.000000), (-112.441017, 142.266052, 588.092285, 1.000000))

building11	[./models/building11/building11.obj]	[27]	{false}
mat4x4((0.149583, 0.000000, 0.000000, 0.000000), (0.000000, 0.149570, 0.000000, 0.000000), (0.000000, 0.000000, 0.149570, 0.000000), (-1397.695190, 843.986755, 1234.797852, 1.000000))

building10	[./models/building10/building10.obj]	[28]	{false}
mat4x4((0.149583, 0.000000, 0.000000, 0.000000), (0.000000, 0.149570, 0.000000, 0.000000), (0.000000, 0.000000, 0.149570, 0.000000), (-103.391090, 734.285278, 2955.299072, 1.000000))

building3	[./models/building3/building3.obj]	[29]	{false}
mat4x4((0.151842, 0.000000, 0.000000, 0.000000), (0.000000, 0.151840, 0.000000, 0.000000), (0.000000, 0.000000, 0.151840, 0.000000), (-1190.982788, 895.024292, 1943.391357, 1.000000))

truck	[./models/truck/truck.obj]	[30]	{false}
mat4x4((3.460776, 0.000000, 0.000000, 0.000000), (0.000000, 3.460770, 0.000000, 0.000000), (0.000000, 0.000000, 3.460770, 0.000000), (-902.659363, 798.015259, 2344.041260, 1.000000))

road1	[./models/road1/road1.obj]	[31]	{false}
mat4x4((0.270708, 0.000000, 0.000000, 0.000000), (0.000000, 0.270680, 0.000000, 0.000000), (0.000000, 0.000000, 0.270680, 0.000000), (-887.345032, 755.000000, 3066.087646, 1.000000))

garbage	[./models/garbage/Garbage_Bin.obj]	[32]	{false}
mat4x4((0.540520, 0.000000, 0.000000, 0.000000), (0.000000, 0.540490, 0.000000, 0.000000), (0.000000, 0.000000, 0.540490, 0.000000), (-777.146240, 834.966309, 2473.624512, 1.000000))

nanosuit	[./models/nanosuit/nanosuit.obj]	[33]	{false}
mat4x4((3.220358, 0.000000, 0.000000, 0.000000), (0.000000, 3.220350, 0.000000, 0.000000), (0.000000, 0.000000, 3.220350, 0.000000), (-757.632751, 752.523315, 1671.834595, 1.000000))

street_cones1	[./models/street_cones1/street_cones1.obj]	[34]	{false}
mat4x4((0.173907, 0.000000, 0.000000, 0.000000), (0.000000, 0.173890, 0.000000, 0.000000), (0.000000, 0.000000, 0.173890, 0.000000), (-872.655762, 757.080627, 1588.307861, 1.000000))

street_cones1	[./models/street_cones1/street_cones1.obj]	[35]	{false}
mat4x4((0.198853, 0.000000, 0.000000, 0.000000), (0.000000, 0.198830, 0.000000, 0.000000), (0.000000, 0.000000, 0.198830, 0.000000), (-891.471741, 758.702637, 1376.880249, 1.000000))

street_cones1	[./models/street_cones1/street_cones1.obj]	[36]	{false}
mat4x4((0.133806, 0.000000, 0.000000, 0.000000), (0.000000, 0.133790, 0.000000, 0.000000), (0.000000, 0.000000, 0.133790, 0.000000), (-838.238098, 760.575745, 1663.702026, 1.000000))

street_cones1	[./models/street_cones1/street_cones1.obj]	[37]	{false}
mat4x4((0.190674, 0.000000, 0.000000, 0.000000), (0.000000, 0.190660, 0.000000, 0.000000), (0.000000, 0.000000, 0.190660, 0.000000), (-880.803162, 756.127380, 1485.682983, 1.000000))

road1	[./models/road1/road1.obj]	[38]	{false}
mat4x4((-0.051680, 0.000000, -0.173670, 0.000000), (0.000000, 0.181190, 0.000000, 0.000000), (0.173689, 0.000000, -0.051670, 0.000000), (1005.072266, 5.000000, 899.357971, 1.000000))

road1	[./models/road1/road1.obj]	[39]	{false}
mat4x4((-0.094389, 0.000000, -0.181630, 0.000000), (0.000000, 0.204690, 0.000000, 0.000000), (0.181658, 0.000000, -0.094370, 0.000000), (853.925659, 5.000000, 962.919739, 1.000000))

road1	[./models/road1/road1.obj]	[40]	{false}
mat4x4((-0.049693, 0.000000, -0.203740, 0.000000), (0.000000, 0.209710, 0.000000, 0.000000), (0.203768, 0.000000, -0.049680, 0.000000), (671.631592, 5.000000, 1033.951782, 1.000000))

road1	[./models/road1/road1.obj]	[41]	{false}
mat4x4((0.058250, 0.000000, -0.259488, 0.000000), (0.000000, 0.265925, 0.000000, 0.000000), (0.259517, 0.000000, 0.058225, 0.000000), (472.048004, 5.000000, 1027.820313, 1.000000))

road1	[./models/road1/road1.obj]	[42]	{false}
mat4x4((0.000113, 0.000000, 0.141520, 0.000000), (0.000000, 0.141520, 0.000000, 0.000000), (-0.141542, 0.000000, 0.000100, 0.000000), (221.878693, 5.000000, 78.255310, 1.000000))

road1	[./models/road1/road1.obj]	[43]	{false}
mat4x4((0.001749, 0.000000, 0.161980, 0.000000), (0.000000, 0.161990, 0.000000, 0.000000), (-0.162002, 0.000000, 0.001740, 0.000000), (481.851166, 5.000000, 253.937531, 1.000000))

road1	[./models/road1/road1.obj]	[44]	{false}
mat4x4((0.003461, 0.000000, 0.166390, 0.000000), (0.000000, 0.166420, 0.000000, 0.000000), (-0.166411, 0.000000, 0.003460, 0.000000), (648.727966, 5.000000, 252.499100, 1.000000))

road3	[./models/road3/road3.obj]	[45]	{false}
mat4x4((0.427444, 0.000000, -0.004280, 0.000000), (0.000000, 0.427420, 0.000000, 0.000000), (0.004275, 0.000000, 0.427400, 0.000000), (1035.927368, 5.000000, 171.418976, 1.000000))

road1	[./models/road1/road1.obj]	[46]	{false}
mat4x4((-0.002798, 0.000000, 0.145680, 0.000000), (0.000000, 0.145710, 0.000000, 0.000000), (-0.145701, 0.000000, -0.002790, 0.000000), (1154.455688, 5.000000, 879.701660, 1.000000))

road1	[./models/road1/road1.obj]	[47]	{false}
mat4x4((-0.024609, 0.000000, 0.135830, 0.000000), (0.000000, 0.138040, 0.000000, 0.000000), (-0.135852, 0.000000, -0.024600, 0.000000), (1289.494507, 5.000000, 887.148376, 1.000000))

road1	[./models/road1/road1.obj]	[48]	{false}
mat4x4((-0.050819, 0.000000, 0.135320, 0.000000), (0.000000, 0.144550, 0.000000, 0.000000), (-0.135339, 0.000000, -0.050810, 0.000000), (1419.342529, 5.000000, 923.972290, 1.000000))

road1	[./models/road1/road1.obj]	[49]	{false}
mat4x4((-0.067940, 0.000000, 0.144590, 0.000000), (0.000000, 0.159760, 0.000000, 0.000000), (-0.144613, 0.000000, -0.067930, 0.000000), (1557.564819, 5.000000, 982.336853, 1.000000))

road1	[./models/road1/road1.obj]	[50]	{false}
mat4x4((-0.045058, 0.000000, 0.157140, 0.000000), (0.000000, 0.163480, 0.000000, 0.000000), (-0.157165, 0.000000, -0.045050, 0.000000), (1700.561890, 5.000000, 1036.467407, 1.000000))

road1	[./models/road1/road1.obj]	[52]	{false}
mat4x4((0.001672, 0.000000, 0.154860, 0.000000), (0.000000, 0.154870, 0.000000, 0.000000), (-0.154883, 0.000000, 0.001670, 0.000000), (319.620575, 5.000000, 722.664307, 1.000000))

road1	[./models/road1/road1.obj]	[53]	{false}
mat4x4((0.004652, 0.000000, 0.430800, 0.000000), (0.000000, 0.430830, 0.000000, 0.000000), (-0.430850, 0.000000, 0.004650, 0.000000), (1451.154297, 5.000000, 166.033203, 1.000000))

road1	[./models/road1/road1.obj]	[54]	{false}
mat4x4((0.004523, 0.000000, 0.146800, 0.000000), (0.000000, 0.146870, 0.000000, 0.000000), (-0.146820, 0.000000, 0.004520, 0.000000), (470.043427, 5.000000, 719.407410, 1.000000))

road1	[./models/road1/road1.obj]	[55]	{false}
mat4x4((0.003104, 0.000000, 0.149220, 0.000000), (0.000000, 0.149250, 0.000000, 0.000000), (-0.149237, 0.000000, 0.003100, 0.000000), (620.440002, 5.000000, 715.130920, 1.000000))

road1	[./models/road1/road1.obj]	[56]	{false}
mat4x4((0.001576, 0.000000, 0.145990, 0.000000), (0.000000, 0.146000, 0.000000, 0.000000), (-0.146011, 0.000000, 0.001570, 0.000000), (764.243591, 5.000000, 713.900208, 1.000000))

road1	[./models/road1/road1.obj]	[57]	{false}
mat4x4((-0.002826, 0.000000, 0.147150, 0.000000), (0.000000, 0.147170, 0.000000, 0.000000), (-0.147165, 0.000000, -0.002820, 0.000000), (911.284546, 5.000000, 714.723877, 1.000000))

road1	[./models/road1/road1.obj]	[58]	{false}
mat4x4((-0.002910, 0.000000, 0.151480, 0.000000), (0.000000, 0.151510, 0.000000, 0.000000), (-0.151498, 0.000000, -0.002900, 0.000000), (1058.711792, 5.000000, 716.782593, 1.000000))

road1	[./models/road1/road1.obj]	[59]	{false}
mat4x4((-0.001307, 0.000000, 0.141960, 0.000000), (0.000000, 0.141970, 0.000000, 0.000000), (-0.141979, 0.000000, -0.001300, 0.000000), (1204.773315, 5.000000, 718.440247, 1.000000))

road1	[./models/road1/road1.obj]	[60]	{false}
mat4x4((0.001624, 0.000000, 0.150440, 0.000000), (0.000000, 0.150450, 0.000000, 0.000000), (-0.150460, 0.000000, 0.001620, 0.000000), (1351.309204, 5.000000, 717.104858, 1.000000))

road1	[./models/road1/road1.obj]	[61]	{false}
mat4x4((0.004460, 0.000000, 0.144770, 0.000000), (0.000000, 0.144840, 0.000000, 0.000000), (-0.144786, 0.000000, 0.004460, 0.000000), (1490.127197, 5.000000, 714.765503, 1.000000))

road3	[./models/road3/road3.obj]	[62]	{false}
mat4x4((0.384510, 0.000000, 0.000000, 0.000000), (0.000000, 0.384480, 0.000000, 0.000000), (0.000000, 0.000000, 0.384480, 0.000000), (1757.888916, 5.000000, 640.715210, 1.000000))

road1	[./models/road1/road1.obj]	[63]	{false}
mat4x4((-0.014042, 0.000000, 0.176900, 0.000000), (0.000000, 0.177450, 0.000000, 0.000000), (-0.176920, 0.000000, -0.014040, 0.000000), (1474.290161, 5.000000, 563.370483, 1.000000))

road1	[./models/road1/road1.obj]	[64]	{false}
mat4x4((-0.001698, 0.000000, 0.184490, 0.000000), (0.000000, 0.184500, 0.000000, 0.000000), (-0.184514, 0.000000, -0.001690, 0.000000), (1295.111816, 5.000000, 555.439514, 1.000000))

road3	[./models/road3/road3.obj]	[65]	{false}
mat4x4((0.354259, 0.000000, -0.003540, 0.000000), (0.000000, 0.354240, 0.000000, 0.000000), (0.003543, 0.000000, 0.354220, 0.000000), (1035.128296, 5.000000, 485.849121, 1.000000))

road1	[./models/road1/road1.obj]	[66]	{false}
mat4x4((0.004053, 0.000000, 0.194870, 0.000000), (0.000000, 0.194910, 0.000000, 0.000000), (-0.194893, 0.000000, 0.004050, 0.000000), (756.682312, 5.000000, 552.053284, 1.000000))

road1	[./models/road1/road1.obj]	[67]	{false}
mat4x4((0.000140, 0.000000, 0.176540, 0.000000), (0.000000, 0.176540, 0.000000, 0.000000), (-0.176572, 0.000000, 0.000130, 0.000000), (566.260071, 5.000000, 551.943726, 1.000000))

building6	[./models/building6/building6.obj]	[68]	{false}
mat4x4((0.122686, 0.000000, 0.000000, 0.000000), (0.000000, 0.122670, 0.000000, 0.000000), (0.000000, 0.000000, 0.122670, 0.000000), (1912.720581, 189.566803, 811.778870, 1.000000))

building2	[./models/building2/building2.obj]	[69]	{false}
mat4x4((0.159818, 0.000000, 0.003190, 0.000000), (0.000000, 0.159830, 0.000000, 0.000000), (-0.003197, 0.000000, 0.159790, 0.000000), (1006.466675, 165.572617, 33.314861, 1.000000))

skyscraper4	[./models/skyscraper4/skyscraper4.obj]	[70]	{true}
mat4x4((0.170684, 0.000000, 0.000000, 0.000000), (0.000000, 0.170650, 0.000000, 0.000000), (0.000000, 0.000000, 0.170650, 0.000000), (-117.348381, 166.570847, 1091.366577, 1.000000))

building10	[./models/building10/building10.obj]	[71]	{false}
mat4x4((0.113377, 0.000000, 0.000000, 0.000000), (0.000000, 0.113350, 0.000000, 0.000000), (0.000000, 0.000000, 0.113350, 0.000000), (1328.622559, 116.906380, 463.592804, 1.000000))

road1	[./models/road1/road1.obj]	[72]	{false}
mat4x4((0.000144, 0.000000, -0.181220, 0.000000), (0.000000, 0.181220, 0.000000, 0.000000), (0.181244, 0.000000, 0.000140, 0.000000), (385.806976, 5.000000, 551.861633, 1.000000))

road1	[./models/road1/road1.obj]	[74]	{false}
mat4x4((-0.147068, 0.000000, 0.185916, 0.000000), (0.000000, 0.237042, 0.000000, 0.000000), (-0.185936, 0.000000, -0.147046, 0.000000), (285.864655, 5.000000, 947.669983, 1.000000))

street_cones1	[./models/street_cones1/street_cones1.obj]	[75]	{false}
mat4x4((0.288520, 0.000000, 0.000000, 0.000000), (0.000000, 0.288500, 0.000000, 0.000000), (0.000000, 0.000000, 0.288500, 0.000000), (978.110718, 14.081770, 613.506165, 1.000000))

garbage	[./models/garbage/Garbage_Bin.obj]	[76]	{false}
mat4x4((0.607037, 0.000000, 0.000000, 0.000000), (0.000000, 0.607000, 0.000000, 0.000000), (0.000000, 0.000000, 0.607000, 0.000000), (867.456360, 17.960520, 330.600128, 1.000000))

street_cones1	[./models/street_cones1/street_cones1.obj]	[77]	{false}
mat4x4((0.307599, 0.000000, 0.000000, 0.000000), (0.000000, 0.307570, 0.000000, 0.000000), (0.000000, 0.000000, 0.307570, 0.000000), (1058.642700, 8.829800, 611.874695, 1.000000))

street_cones1	[./models/street_cones1/street_cones1.obj]	[78]	{false}
mat4x4((0.287368, 0.000000, 0.000000, 0.000000), (0.000000, 0.287340, 0.000000, 0.000000), (0.000000, 0.000000, 0.287340, 0.000000), (1019.185608, 14.222790, 610.080261, 1.000000))

street_cones1	[./models/street_cones1/street_cones1.obj]	[79]	{false}
mat4x4((0.286507, 0.000000, 0.000000, 0.000000), (0.000000, 0.286480, 0.000000, 0.000000), (0.000000, 0.000000, 0.286480, 0.000000), (1100.494263, 11.440350, 607.332031, 1.000000))

horse	[./models/horse/horse-obj.obj]	[80]	{false}
mat4x4((0.160360, 0.000000, 0.929730, 0.000000), (0.000000, 0.943460, 0.000000, 0.000000), (-0.929747, 0.000000, 0.160350, 0.000000), (1179.791138, 16.274401, 1022.688599, 1.000000))

truck	[./models/truck/truck.obj]	[81]	{false}
mat4x4((3.460776, 0.000000, 0.000000, 0.000000), (0.000000, 3.460770, 0.000000, 0.000000), (0.000000, 0.000000, 3.460770, 0.000000), (1047.113159, 10.872770, 742.426086, 1.000000))

truck	[./models/truck/truck.obj]	[82]	{false}
mat4x4((3.460776, 0.000000, 0.000000, 0.000000), (0.000000, 3.460770, 0.000000, 0.000000), (0.000000, 0.000000, 3.460770, 0.000000), (429.947632, 10.950680, 117.960411, 1.000000))

garbage	[./models/garbage/Garbage_Bin.obj]	[83]	{false}
mat4x4((0.518278, 0.000000, 0.000000, 0.000000), (0.000000, 0.518250, 0.000000, 0.000000), (0.000000, 0.000000, 0.518250, 0.000000), (1189.659668, 9.953770, 631.522034, 1.000000))

building11	[./models/building11/building11.obj]	[84]	{false}
mat4x4((0.110668, 0.000000, -0.021270, 0.000000), (0.000000, 0.112670, 0.000000, 0.000000), (0.021284, 0.000000, 0.110650, 0.000000), (1004.966064, 82.064491, 1502.256958, 1.000000))

street_cones1	[./models/street_cones1/street_cones1.obj]	[85]	{false}
mat4x4((0.257936, 0.000000, 0.000000, 0.000000), (0.000000, 0.257910, 0.000000, 0.000000), (0.000000, 0.000000, 0.257910, 0.000000), (107.116844, 7.346110, 1102.295776, 1.000000))

street_cones1	[./models/street_cones1/street_cones1.obj]	[86]	{false}
mat4x4((0.231055, 0.000000, 0.000000, 0.000000), (0.000000, 0.231040, 0.000000, 0.000000), (0.000000, 0.000000, 0.231040, 0.000000), (157.424545, 12.406790, 1099.820923, 1.000000))

street_cones1	[./models/street_cones1/street_cones1.obj]	[87]	{false}
mat4x4((0.281112, 0.000000, 0.000000, 0.000000), (0.000000, 0.281090, 0.000000, 0.000000), (0.000000, 0.000000, 0.281090, 0.000000), (59.583641, 5.892200, 1097.857910, 1.000000))

building3	[./models/building3/building3.obj]	[88]	{false}
mat4x4((0.155047, 0.000000, 0.000000, 0.000000), (0.000000, 0.155030, 0.000000, 0.000000), (0.000000, 0.000000, 0.155030, 0.000000), (529.277405, 168.864471, 1491.068604, 1.000000))

destroyed_house1	[./models/destroyed_house1/old_house1.obj]	[89]	{true}
mat4x4((-0.624777, 0.000000, 0.076330, 0.000000), (0.000000, 0.629400, 0.000000, 0.000000), (-0.076345, 0.000000, -0.624750, 0.000000), (1518.912476, 64.710670, 1184.891724, 1.000000))

building3	[./models/building3/building3.obj]	[90]	{false}
mat4x4((0.175000, 0.000000, 0.000000, 0.000000), (0.000000, 0.174980, 0.000000, 0.000000), (0.000000, 0.000000, 0.174980, 0.000000), (1481.167603, 196.486282, -8.737820, 1.000000))

skyscraper4	[./models/skyscraper4/skyscraper4.obj]	[91]	{true}
mat4x4((0.178723, 0.000000, 0.000000, 0.000000), (0.000000, 0.178690, 0.000000, 0.000000), (0.000000, 0.000000, 0.178690, 0.000000), (1782.439209, 192.497833, 324.485779, 1.000000))

building3	[./models/building3/building3.obj]	[92]	{false}
mat4x4((0.138189, 0.000000, 0.001380, 0.000000), (0.000000, 0.138180, 0.000000, 0.000000), (-0.001382, 0.000000, 0.138170, 0.000000), (452.523071, 160.430664, -7.355720, 1.000000))

building11	[./models/building11/building11.obj]	[93]	{false}
mat4x4((0.083539, 0.000000, 0.004180, 0.000000), (0.000000, 0.083630, 0.000000, 0.000000), (-0.004180, 0.000000, 0.083530, 0.000000), (735.962158, 67.744942, 15.977180, 1.000000))

building11	[./models/building11/building11.obj]	[94]	{false}
mat4x4((0.080278, 0.000000, 0.000000, 0.000000), (0.000000, 0.080270, 0.000000, 0.000000), (0.000000, 0.000000, 0.080270, 0.000000), (-113.001144, 49.822380, 799.049744, 1.000000))

garbage	[./models/garbage/Garbage_Bin.obj]	[95]	{false}
mat4x4((0.054649, 0.000000, 0.897740, 0.000000), (0.000000, 0.899410, 0.000000, 0.000000), (-0.897784, 0.000000, 0.054640, 0.000000), (-29.341980, 23.897530, 299.985962, 1.000000))

building10	[./models/building10/building10.obj]	[96]	{false}
mat4x4((0.110798, 0.000000, 0.000000, 0.000000), (0.000000, 0.110780, 0.000000, 0.000000), (0.000000, 0.000000, 0.110780, 0.000000), (146.750427, 63.370522, -17.690941, 1.000000))

building2	[./models/building2/building2.obj]	[97]	{false}
mat4x4((0.118285, 0.000000, 0.000000, 0.000000), (0.000000, 0.118270, 0.000000, 0.000000), (0.000000, 0.000000, 0.118270, 0.000000), (1870.996948, 155.720825, 1150.064575, 1.000000))

garbage	[./models/garbage/Garbage_Bin.obj]	[98]	{false}
mat4x4((0.586589, 0.000000, 0.546440, 0.000000), (0.000000, 0.801650, 0.000000, 0.000000), (-0.546464, 0.000000, 0.586560, 0.000000), (1693.387695, 26.940941, 445.457703, 1.000000))

nanosuit	[./models/nanosuit/nanosuit.obj]	[99]	{false}
mat4x4((0.195664, 0.000000, 3.214390, 0.000000), (0.000000, 3.220350, 0.000000, 0.000000), (-3.214404, 0.000000, 0.195660, 0.000000), (1713.125000, 19.001860, 866.858643, 1.000000))

nanosuit	[./models/nanosuit/nanosuit.obj]	[100]	{false}
mat4x4((3.193184, 0.000000, 0.417460, 0.000000), (0.000000, 3.220350, 0.000000, 0.000000), (-0.417468, 0.000000, 3.193170, 0.000000), (1697.963867, 19.105511, 837.387329, 1.000000))

nanosuit	[./models/nanosuit/nanosuit.obj]	[101]	{false}
mat4x4((1.685424, 0.000000, 2.744080, 0.000000), (0.000000, 3.220350, 0.000000, 0.000000), (-2.744092, 0.000000, 1.685420, 0.000000), (1712.882202, 19.068291, 906.159729, 1.000000))

nanosuit	[./models/nanosuit/nanosuit.obj]	[102]	{false}
mat4x4((1.925238, 0.000000, 2.581490, 0.000000), (0.000000, 3.220350, 0.000000, 0.000000), (-2.581502, 0.000000, 1.925230, 0.000000), (1506.794800, 0.142890, 704.600525, 1.000000))

building10	[./models/building10/building10.obj]	[103]	{false}
mat4x4((0.101266, 0.000000, 0.029110, 0.000000), (0.000000, 0.105360, 0.000000, 0.000000), (-0.029119, 0.000000, 0.101250, 0.000000), (116.182968, 104.950111, 1241.528564, 1.000000))

building6	[./models/building6/building6.obj]	[104]	{false}
mat4x4((0.083540, 0.000000, 0.000000, 0.000000), (0.000000, 0.083520, 0.000000, 0.000000), (0.000000, 0.000000, 0.083520, 0.000000), (-1482.909302, 1618.072388, 2445.540771, 1.000000))

building2	[./models/building2/building2.obj]	[105]	{false}
mat4x4((0.160814, 0.000000, 0.000000, 0.000000), (0.000000, 0.160800, 0.000000, 0.000000), (0.000000, 0.000000, 0.160800, 0.000000), (-346.810547, 1776.880005, 2454.599121, 1.000000))

building2	[./models/building2/building2.obj]	[106]	{false}
mat4x4((0.123757, 0.000000, 0.007430, 0.000000), (0.000000, 0.123960, 0.000000, 0.000000), (-0.007434, 0.000000, 0.123740, 0.000000), (-96.934425, 135.782700, 231.074707, 1.000000))

stop	[./models/StopSign/StopSign.obj]	[107]	{false}
mat4x4((-9.273421, 0.000000, 2.383620, 0.000000), (0.000000, 9.574870, 0.000000, 0.000000), (-2.383627, 0.000000, -9.273420, 0.000000), (825.200256, 31.462540, 482.415131, 1.000000))

stop	[./models/StopSign/StopSign.obj]	[108]	{false}
mat4x4((9.791018, 0.000000, -1.680690, 0.000000), (0.000000, 9.934220, 0.000000, 0.000000), (1.680693, 0.000000, 9.791010, 0.000000), (1181.146606, 35.896461, 309.767303, 1.000000))

road1	[./models/road1/road1.obj]	[109]	{false}
mat4x4((-0.004675, 0.000000, -0.160010, 0.000000), (0.000000, 0.160080, 0.000000, 0.000000), (0.160029, 0.000000, -0.004670, 0.000000), (319.497437, 5.000000, 256.946320, 1.000000))

road1	[./models/road1/road1.obj]	[110]	{false}
mat4x4((0.003296, 0.000000, 0.158450, 0.000000), (0.000000, 0.158480, 0.000000, 0.000000), (-0.158469, 0.000000, 0.003290, 0.000000), (156.596909, 5.000000, 261.678741, 1.000000))

road1	[./models/road1/road1.obj]	[111]	{false}
mat4x4((0.004803, 0.000000, 0.155890, 0.000000), (0.000000, 0.155970, 0.000000, 0.000000), (-0.155913, 0.000000, 0.004800, 0.000000), (-2.682294, 5.000000, 264.891357, 1.000000))

road1	[./models/road1/road1.obj]	[112]	{false}
mat4x4((0.001498, 0.000000, -0.138730, 0.000000), (0.000000, 0.138730, 0.000000, 0.000000), (0.138745, 0.000000, 0.001490, 0.000000), (82.325081, 5.000000, 77.800743, 1.000000))

road1	[./models/road1/road1.obj]	[113]	{false}
mat4x4((-0.001296, 0.000000, 0.140830, 0.000000), (0.000000, 0.140830, 0.000000, 0.000000), (-0.140848, 0.000000, -0.001290, 0.000000), (364.171722, 5.000000, 78.562881, 1.000000))

road1	[./models/road1/road1.obj]	[114]	{false}
mat4x4((-0.001449, 0.000000, -0.157370, 0.000000), (0.000000, 0.157380, 0.000000, 0.000000), (0.157391, 0.000000, -0.001440, 0.000000), (777.668274, 5.000000, 247.850403, 1.000000))

road1	[./models/road1/road1.obj]	[115]	{false}
mat4x4((-0.001280, 0.000000, 0.139010, 0.000000), (0.000000, 0.139010, 0.000000, 0.000000), (-0.139027, 0.000000, -0.001270, 0.000000), (645.755981, 5.000000, 78.422821, 1.000000))

road1	[./models/road1/road1.obj]	[116]	{false}
mat4x4((0.000111, 0.000000, -0.139570, 0.000000), (0.000000, 0.139570, 0.000000, 0.000000), (0.139589, 0.000000, 0.000110, 0.000000), (505.210754, 5.000000, 78.481987, 1.000000))

road1	[./models/road1/road1.obj]	[117]	{false}
mat4x4((-0.001262, 0.000000, 0.137070, 0.000000), (0.000000, 0.137080, 0.000000, 0.000000), (-0.137088, 0.000000, -0.001260, 0.000000), (780.506042, 5.000000, 80.554321, 1.000000))

road3	[./models/road3/road3.obj]	[118]	{false}
mat4x4((0.423193, 0.000000, 0.140231, 0.000000), (0.000000, 0.445793, 0.000000, 0.000000), (-0.140242, 0.000000, 0.423161, 0.000000), (15.939842, 5.000000, 745.872437, 1.000000))

